Attapulgus
+------+----------+----------+---------+---------+---------+---------+---------+
| Hour |  gaemn   | gaemn+wi | gaemn + | gaemn + |   NAM   | % decre | % decre |
|      |   only   |   ndow   | window  | window  |  Only   |   ase   |   ase   |
|      |          |          |    +    | + multi |         |         |  (NAM   |
|      |          |          | single- |  cell   |         |         |  Only)  |
|      |          |          |  cell   |         |         |         |         |
+======+==========+==========+=========+=========+=========+=========+=========+
|  1   |  32.045  |  31.311  | 30.213  | 30.240  | 31.785  |  3.418  | -1.515  |
+------+----------+----------+---------+---------+---------+---------+---------+
|  2   |  34.617  |  35.277  | 33.472  | 32.841  | 30.849  |  6.905  | 12.552  |
+------+----------+----------+---------+---------+---------+---------+---------+
|  3   |  34.895  |  38.951  | 35.125  | 33.928  | 31.310  | 12.895  | 19.617  |
+------+----------+----------+---------+---------+---------+---------+---------+
|  4   |  33.910  |  39.328  | 35.640  | 34.556  | 31.229  | 12.133  | 20.593  |
+------+----------+----------+---------+---------+---------+---------+---------+
|  5   |  33.196  |  38.474  | 34.602  | 33.600  | 31.012  | 12.669  | 19.394  |
+------+----------+----------+---------+---------+---------+---------+---------+
|  6   |  33.155  |  39.788  | 35.149  | 34.167  | 31.249  | 14.128  | 21.462  |
+------+----------+----------+---------+---------+---------+---------+---------+
|  7   |  32.248  |  39.609  | 35.070  | 34.136  | 30.494  | 13.817  | 23.012  |
+------+----------+----------+---------+---------+---------+---------+---------+
|  8   |  32.201  |  39.590  | 34.222  | 33.553  | 31.273  | 15.249  | 21.009  |
+------+----------+----------+---------+---------+---------+---------+---------+
|  9   |  32.974  |  38.908  | 34.319  | 33.582  | 30.316  | 13.687  | 22.082  |
+------+----------+----------+---------+---------+---------+---------+---------+
|  10  |  32.792  |  39.172  | 34.820  | 33.431  | 30.184  | 14.654  | 22.945  |
+------+----------+----------+---------+---------+---------+---------+---------+
|  11  |  33.265  |  39.517  | 34.626  | 33.300  | 30.002  | 15.731  | 24.078  |
+------+----------+----------+---------+---------+---------+---------+---------+
|  12  |  33.864  |  39.162  | 34.197  | 33.823  | 30.450  | 13.633  | 22.246  |
+------+----------+----------+---------+---------+---------+---------+---------+
|  13  |  33.219  |  39.243  | 34.499  | 32.876  | 30.704  | 16.223  | 21.759  |
+------+----------+----------+---------+---------+---------+---------+---------+
|  14  |  32.920  |  40.047  | 34.822  | 33.317  | 30.538  | 16.804  | 23.745  |
+------+----------+----------+---------+---------+---------+---------+---------+
|  15  |  32.496  |  39.291  | 33.929  | 32.828  | 29.861  | 16.449  | 24.001  |
+------+----------+----------+---------+---------+---------+---------+---------+
|  16  |  34.055  |  40.333  | 34.690  | 34.178  | 31.215  | 15.260  | 22.608  |
+------+----------+----------+---------+---------+---------+---------+---------+
|  17  |  35.143  |  40.667  | 34.984  | 34.203  | 30.891  | 15.895  | 24.039  |
+------+----------+----------+---------+---------+---------+---------+---------+
|  18  |  35.732  |  40.990  | 35.041  | 34.175  | 31.055  | 16.627  | 24.237  |
+------+----------+----------+---------+---------+---------+---------+---------+
|  19  |  45.615  |  52.865  | 40.191  | 37.860  | 30.103  | 28.384  | 43.058  |
+------+----------+----------+---------+---------+---------+---------+---------+
|  20  |  44.540  |  52.129  | 40.442  | 37.281  | 29.710  | 28.482  | 43.007  |
+------+----------+----------+---------+---------+---------+---------+---------+
|  21  |  45.666  |  52.438  | 40.295  | 37.482  | 29.507  | 28.522  | 43.729  |
+------+----------+----------+---------+---------+---------+---------+---------+
|  22  |  45.359  |  52.046  | 39.742  | 36.442  | 28.643  | 29.981  | 44.966  |
+------+----------+----------+---------+---------+---------+---------+---------+
|  23  |  47.569  |  51.791  | 39.940  | 37.162  | 29.253  | 28.246  | 43.517  |
+------+----------+----------+---------+---------+---------+---------+---------+
|  24  |  49.336  |  51.605  | 40.237  | 37.514  | 29.651  | 27.304  | 42.542  |
+------+----------+----------+---------+---------+---------+---------+---------+
