Blairsville
+------+----------+----------+---------+---------+---------+---------+---------+
| Hour |  gaemn   | gaemn+wi | gaemn + | gaemn + |   NAM   | % decre | % decre |
|      |   only   |   ndow   | window  | window  |  Only   |   ase   |   ase   |
|      |          |          |    +    | + multi |         |         |  (NAM   |
|      |          |          | single- |  cell   |         |         |  Only)  |
|      |          |          |  cell   |         |         |         |         |
+======+==========+==========+=========+=========+=========+=========+=========+
|  1   |  32.723  |  32.821  | 31.761  | 31.649  | 30.154  |  3.572  |  8.126  |
+------+----------+----------+---------+---------+---------+---------+---------+
|  2   |  35.896  |  36.618  | 34.435  | 33.709  | 30.572  |  7.945  | 16.511  |
+------+----------+----------+---------+---------+---------+---------+---------+
|  3   |  35.752  |  39.887  | 35.869  | 34.248  | 30.600  | 14.138  | 23.283  |
+------+----------+----------+---------+---------+---------+---------+---------+
|  4   |  35.816  |  40.853  | 36.043  | 34.134  | 30.665  | 16.447  | 24.938  |
+------+----------+----------+---------+---------+---------+---------+---------+
|  5   |  33.317  |  40.174  | 35.253  | 33.944  | 30.657  | 15.508  | 23.689  |
+------+----------+----------+---------+---------+---------+---------+---------+
|  6   |  32.979  |  42.007  | 35.655  | 33.874  | 31.676  | 19.360  | 24.594  |
+------+----------+----------+---------+---------+---------+---------+---------+
|  7   |  32.839  |  42.084  | 34.967  | 32.895  | 30.011  | 21.835  | 28.688  |
+------+----------+----------+---------+---------+---------+---------+---------+
|  8   |  33.387  |  41.854  | 34.831  | 33.632  | 30.006  | 19.645  | 28.308  |
+------+----------+----------+---------+---------+---------+---------+---------+
|  9   |  33.103  |  42.183  | 34.542  | 33.214  | 30.630  | 21.261  | 27.388  |
+------+----------+----------+---------+---------+---------+---------+---------+
|  10  |  33.454  |  40.731  | 33.875  | 32.752  | 29.570  | 19.590  | 27.402  |
+------+----------+----------+---------+---------+---------+---------+---------+
|  11  |  33.600  |  42.109  | 34.814  | 33.443  | 29.740  | 20.580  | 29.372  |
+------+----------+----------+---------+---------+---------+---------+---------+
|  12  |  33.607  |  42.072  | 35.008  | 33.927  | 30.398  | 19.359  | 27.747  |
+------+----------+----------+---------+---------+---------+---------+---------+
|  13  |  34.042  |  42.322  | 35.699  | 34.451  | 31.178  | 18.598  | 26.331  |
+------+----------+----------+---------+---------+---------+---------+---------+
|  14  |  34.003  |  42.750  | 36.065  | 34.906  | 30.974  | 18.348  | 27.546  |
+------+----------+----------+---------+---------+---------+---------+---------+
|  15  |  33.323  |  43.210  | 35.450  | 34.878  | 31.672  | 19.282  | 26.703  |
+------+----------+----------+---------+---------+---------+---------+---------+
|  16  |  34.878  |  43.001  | 35.881  | 34.695  | 30.472  | 19.317  | 29.137  |
+------+----------+----------+---------+---------+---------+---------+---------+
|  17  |  35.017  |  42.547  | 35.687  | 34.142  | 30.606  | 19.755  | 28.065  |
+------+----------+----------+---------+---------+---------+---------+---------+
|  18  |  37.471  |  43.879  | 36.890  | 35.505  | 31.843  | 19.084  | 27.429  |
+------+----------+----------+---------+---------+---------+---------+---------+
|  19  |  43.992  |  53.177  | 37.667  | 34.423  | 28.172  | 35.268  | 47.024  |
+------+----------+----------+---------+---------+---------+---------+---------+
|  20  |  42.603  |  51.960  | 37.155  | 32.925  | 27.431  | 36.635  | 47.207  |
+------+----------+----------+---------+---------+---------+---------+---------+
|  21  |  42.875  |  50.321  | 36.127  | 32.978  | 26.547  | 34.464  | 47.245  |
+------+----------+----------+---------+---------+---------+---------+---------+
|  22  |  44.594  |  52.287  | 36.732  | 32.715  | 26.629  | 37.433  | 49.071  |
+------+----------+----------+---------+---------+---------+---------+---------+
|  23  |  45.512  |  51.238  | 36.588  | 32.889  | 26.870  | 35.811  | 47.559  |
+------+----------+----------+---------+---------+---------+---------+---------+
|  24  |  48.183  |  51.953  | 36.980  | 33.334  | 27.426  | 35.837  | 47.209  |
+------+----------+----------+---------+---------+---------+---------+---------+
