Brunswick
+------+----------+----------+---------+---------+---------+---------+---------+
| Hour |  gaemn   | gaemn+wi | gaemn + | gaemn + |   NAM   | % decre | % decre |
|      |   only   |   ndow   | window  | window  |  Only   |   ase   |   ase   |
|      |          |          |    +    | + multi |         |         |  (NAM   |
|      |          |          | single- |  cell   |         |         |  Only)  |
|      |          |          |  cell   |         |         |         |         |
+======+==========+==========+=========+=========+=========+=========+=========+
|  1   |  35.602  |  35.067  | 33.982  | 33.473  | 33.363  |  4.546  |  4.860  |
+------+----------+----------+---------+---------+---------+---------+---------+
|  2   |  36.872  |  38.156  | 36.032  | 34.690  | 31.998  |  9.085  | 16.138  |
+------+----------+----------+---------+---------+---------+---------+---------+
|  3   |  35.217  |  39.066  | 35.675  | 34.044  | 31.968  | 12.856  | 18.171  |
+------+----------+----------+---------+---------+---------+---------+---------+
|  4   |  36.244  |  40.280  | 35.563  | 34.506  | 31.046  | 14.334  | 22.924  |
+------+----------+----------+---------+---------+---------+---------+---------+
|  5   |  33.708  |  39.876  | 35.942  | 34.097  | 30.206  | 14.493  | 24.250  |
+------+----------+----------+---------+---------+---------+---------+---------+
|  6   |  33.435  |  39.264  | 35.609  | 33.688  | 30.829  | 14.200  | 21.482  |
+------+----------+----------+---------+---------+---------+---------+---------+
|  7   |  32.415  |  37.975  | 34.339  | 32.963  | 30.563  | 13.197  | 19.518  |
+------+----------+----------+---------+---------+---------+---------+---------+
|  8   |  33.665  |  39.138  | 35.578  | 33.865  | 29.692  | 13.473  | 24.135  |
+------+----------+----------+---------+---------+---------+---------+---------+
|  9   |  32.754  |  38.171  | 34.673  | 33.186  | 30.417  | 13.058  | 20.313  |
+------+----------+----------+---------+---------+---------+---------+---------+
|  10  |  33.064  |  38.751  | 34.533  | 32.904  | 30.427  | 15.090  | 21.482  |
+------+----------+----------+---------+---------+---------+---------+---------+
|  11  |  31.768  |  37.963  | 33.700  | 32.661  | 30.210  | 13.966  | 20.422  |
+------+----------+----------+---------+---------+---------+---------+---------+
|  12  |  32.760  |  39.827  | 35.153  | 34.130  | 30.822  | 14.304  | 22.610  |
+------+----------+----------+---------+---------+---------+---------+---------+
|  13  |  33.888  |  39.138  | 34.243  | 32.886  | 31.091  | 15.975  | 20.562  |
+------+----------+----------+---------+---------+---------+---------+---------+
|  14  |  33.235  |  39.130  | 34.103  | 32.822  | 31.049  | 16.120  | 20.650  |
+------+----------+----------+---------+---------+---------+---------+---------+
|  15  |  34.067  |  39.829  | 34.482  | 33.602  | 31.431  | 15.634  | 21.085  |
+------+----------+----------+---------+---------+---------+---------+---------+
|  16  |  34.730  |  40.991  | 36.301  | 34.485  | 31.823  | 15.870  | 22.364  |
+------+----------+----------+---------+---------+---------+---------+---------+
|  17  |  35.918  |  42.457  | 37.003  | 34.902  | 31.587  | 17.795  | 25.604  |
+------+----------+----------+---------+---------+---------+---------+---------+
|  18  |  36.681  |  43.687  | 37.075  | 35.575  | 32.571  | 18.568  | 25.445  |
+------+----------+----------+---------+---------+---------+---------+---------+
|  19  |  41.126  |  47.845  | 36.750  | 33.272  | 26.059  | 30.459  | 45.534  |
+------+----------+----------+---------+---------+---------+---------+---------+
|  20  |  40.913  |  48.333  | 37.103  | 32.895  | 25.845  | 31.940  | 46.527  |
+------+----------+----------+---------+---------+---------+---------+---------+
|  21  |  40.910  |  47.989  | 35.441  | 32.652  | 25.095  | 31.960  | 47.707  |
+------+----------+----------+---------+---------+---------+---------+---------+
|  22  |  42.272  |  47.180  | 35.997  | 32.263  | 24.640  | 31.616  | 47.775  |
+------+----------+----------+---------+---------+---------+---------+---------+
|  23  |  44.508  |  49.221  | 37.120  | 33.383  | 25.264  | 32.177  | 48.672  |
+------+----------+----------+---------+---------+---------+---------+---------+
|  24  |  45.662  |  47.934  | 36.111  | 33.364  | 25.244  | 30.396  | 47.336  |
+------+----------+----------+---------+---------+---------+---------+---------+
