Griffin
+------+----------+----------+---------+---------+---------+---------+---------+
| Hour |  gaemn   | gaemn+wi | gaemn + | gaemn + |   NAM   | % decre | % decre |
|      |   only   |   ndow   | window  | window  |  Only   |   ase   |   ase   |
|      |          |          |    +    | + multi |         |         |  (NAM   |
|      |          |          | single- |  cell   |         |         |  Only)  |
|      |          |          |  cell   |         |         |         |         |
+======+==========+==========+=========+=========+=========+=========+=========+
|  1   |  31.287  |  31.036  | 30.637  | 29.970  | 31.354  |  3.435  | -1.025  |
+------+----------+----------+---------+---------+---------+---------+---------+
|  2   |  33.734  |  34.926  | 34.349  | 32.360  | 31.371  |  7.349  | 10.180  |
+------+----------+----------+---------+---------+---------+---------+---------+
|  3   |  33.252  |  35.930  | 34.097  | 34.553  | 30.564  |  3.835  | 14.936  |
+------+----------+----------+---------+---------+---------+---------+---------+
|  4   |  33.006  |  38.000  | 34.383  | 34.883  | 31.306  |  8.201  | 17.615  |
+------+----------+----------+---------+---------+---------+---------+---------+
|  5   |  30.506  |  36.989  | 33.659  | 33.830  | 31.122  |  8.541  | 15.863  |
+------+----------+----------+---------+---------+---------+---------+---------+
|  6   |  29.857  |  38.108  | 34.187  | 34.890  | 31.392  |  8.445  | 17.624  |
+------+----------+----------+---------+---------+---------+---------+---------+
|  7   |  28.997  |  37.922  | 33.245  | 34.651  | 30.643  |  8.627  | 19.196  |
+------+----------+----------+---------+---------+---------+---------+---------+
|  8   |  29.770  |  38.564  | 33.710  | 33.991  | 31.266  | 11.858  | 18.926  |
+------+----------+----------+---------+---------+---------+---------+---------+
|  9   |  30.844  |  39.800  | 34.670  | 33.573  | 31.181  | 15.645  | 21.656  |
+------+----------+----------+---------+---------+---------+---------+---------+
|  10  |  30.935  |  39.491  | 33.732  | 32.434  | 29.562  | 17.869  | 25.141  |
+------+----------+----------+---------+---------+---------+---------+---------+
|  11  |  31.172  |  39.942  | 34.546  | 33.515  | 30.952  | 16.090  | 22.509  |
+------+----------+----------+---------+---------+---------+---------+---------+
|  12  |  30.931  |  41.049  | 34.675  | 34.197  | 31.655  | 16.692  | 22.885  |
+------+----------+----------+---------+---------+---------+---------+---------+
|  13  |  30.550  |  40.414  | 34.772  | 33.884  | 31.411  | 16.157  | 22.277  |
+------+----------+----------+---------+---------+---------+---------+---------+
|  14  |  31.689  |  40.318  | 33.359  | 33.684  | 31.184  | 16.454  | 22.655  |
+------+----------+----------+---------+---------+---------+---------+---------+
|  15  |  30.559  |  38.246  | 32.635  | 33.163  | 31.360  | 13.289  | 18.004  |
+------+----------+----------+---------+---------+---------+---------+---------+
|  16  |  31.757  |  41.557  | 34.269  | 33.504  | 30.364  | 19.379  | 26.935  |
+------+----------+----------+---------+---------+---------+---------+---------+
|  17  |  32.522  |  40.629  | 34.156  | 33.965  | 31.509  | 16.401  | 22.448  |
+------+----------+----------+---------+---------+---------+---------+---------+
|  18  |  33.566  |  40.327  | 34.416  | 34.388  | 31.782  | 14.726  | 21.188  |
+------+----------+----------+---------+---------+---------+---------+---------+
|  19  |  38.767  |  46.556  | 35.751  | 33.699  | 27.067  | 27.616  | 41.861  |
+------+----------+----------+---------+---------+---------+---------+---------+
|  20  |  39.053  |  46.450  | 35.793  | 33.233  | 27.643  | 28.455  | 40.490  |
+------+----------+----------+---------+---------+---------+---------+---------+
|  21  |  38.395  |  45.917  | 35.227  | 32.020  | 26.540  | 30.266  | 42.201  |
+------+----------+----------+---------+---------+---------+---------+---------+
|  22  |  39.747  |  45.434  | 34.424  | 32.726  | 26.416  | 27.970  | 41.859  |
+------+----------+----------+---------+---------+---------+---------+---------+
|  23  |  41.593  |  45.300  | 34.153  | 32.452  | 26.234  | 28.362  | 42.088  |
+------+----------+----------+---------+---------+---------+---------+---------+
|  24  |  43.839  |  46.518  | 35.500  | 33.231  | 26.826  | 28.563  | 42.332  |
+------+----------+----------+---------+---------+---------+---------+---------+
