Jonesboro
+------+----------+----------+---------+---------+---------+---------+---------+
| Hour |  gaemn   | gaemn+wi | gaemn + | gaemn + |   NAM   | % decre | % decre |
|      |   only   |   ndow   | window  | window  |  Only   |   ase   |   ase   |
|      |          |          |    +    | + multi |         |         |  (NAM   |
|      |          |          | single- |  cell   |         |         |  Only)  |
|      |          |          |  cell   |         |         |         |         |
+======+==========+==========+=========+=========+=========+=========+=========+
|  1   |  28.845  |  27.895  | 26.932  | 26.740  | 27.241  |  4.141  |  2.345  |
+------+----------+----------+---------+---------+---------+---------+---------+
|  2   |  31.265  |  32.144  | 29.829  | 29.468  | 28.348  |  8.328  | 11.811  |
+------+----------+----------+---------+---------+---------+---------+---------+
|  3   |  31.358  |  33.745  | 31.220  | 30.263  | 28.666  | 10.320  | 15.051  |
+------+----------+----------+---------+---------+---------+---------+---------+
|  4   |  31.468  |  33.955  | 29.690  | 29.445  | 27.643  | 13.283  | 18.590  |
+------+----------+----------+---------+---------+---------+---------+---------+
|  5   |  27.976  |  34.478  | 29.271  | 28.581  | 26.465  | 17.104  | 23.242  |
+------+----------+----------+---------+---------+---------+---------+---------+
|  6   |  27.389  |  34.679  | 29.784  | 29.134  | 27.180  | 15.991  | 21.623  |
+------+----------+----------+---------+---------+---------+---------+---------+
|  7   |  28.267  |  35.327  | 29.317  | 29.346  | 27.361  | 16.931  | 22.548  |
+------+----------+----------+---------+---------+---------+---------+---------+
|  8   |  28.638  |  36.951  | 31.309  | 30.143  | 27.618  | 18.426  | 25.257  |
+------+----------+----------+---------+---------+---------+---------+---------+
|  9   |  29.925  |  36.051  | 30.656  | 29.385  | 28.333  | 18.490  | 21.407  |
+------+----------+----------+---------+---------+---------+---------+---------+
|  10  |  29.083  |  36.321  | 29.914  | 28.915  | 27.538  | 20.391  | 24.181  |
+------+----------+----------+---------+---------+---------+---------+---------+
|  11  |  28.305  |  35.916  | 29.824  | 28.972  | 26.638  | 19.335  | 25.831  |
+------+----------+----------+---------+---------+---------+---------+---------+
|  12  |  28.292  |  35.726  | 29.962  | 28.974  | 27.049  | 18.898  | 24.287  |
+------+----------+----------+---------+---------+---------+---------+---------+
|  13  |  29.077  |  36.429  | 29.897  | 29.387  | 27.946  | 19.330  | 23.285  |
+------+----------+----------+---------+---------+---------+---------+---------+
|  14  |  29.426  |  36.854  | 30.456  | 30.170  | 28.480  | 18.138  | 22.722  |
+------+----------+----------+---------+---------+---------+---------+---------+
|  15  |  29.755  |  36.568  | 29.805  | 29.107  | 28.053  | 20.403  | 23.285  |
+------+----------+----------+---------+---------+---------+---------+---------+
|  16  |  30.560  |  36.713  | 29.924  | 29.514  | 27.966  | 19.609  | 23.825  |
+------+----------+----------+---------+---------+---------+---------+---------+
|  17  |  31.579  |  36.939  | 30.157  | 29.883  | 27.510  | 19.101  | 25.526  |
+------+----------+----------+---------+---------+---------+---------+---------+
|  18  |  31.412  |  37.392  | 30.647  | 29.754  | 27.147  | 20.427  | 27.400  |
+------+----------+----------+---------+---------+---------+---------+---------+
|  19  |  42.561  |  49.929  | 36.660  | 33.575  | 26.642  | 32.755  | 46.640  |
+------+----------+----------+---------+---------+---------+---------+---------+
|  20  |  44.415  |  50.350  | 36.677  | 32.851  | 27.081  | 34.755  | 46.213  |
+------+----------+----------+---------+---------+---------+---------+---------+
|  21  |  42.235  |  48.836  | 35.805  | 32.951  | 26.254  | 32.527  | 46.240  |
+------+----------+----------+---------+---------+---------+---------+---------+
|  22  |  42.728  |  49.220  | 35.955  | 32.520  | 26.550  | 33.929  | 46.058  |
+------+----------+----------+---------+---------+---------+---------+---------+
|  23  |  44.603  |  49.260  | 36.008  | 32.666  | 26.004  | 33.687  | 47.210  |
+------+----------+----------+---------+---------+---------+---------+---------+
|  24  |  46.457  |  49.309  | 36.736  | 34.065  | 27.740  | 30.915  | 43.742  |
+------+----------+----------+---------+---------+---------+---------+---------+
