Griffin
+------+------------+-----------+-----------+-----------+----------+-----------+
| Hour | gaemn only | gaemn+win |  gaemn +  |  gaemn +  | NAM Only |     %     |
|      |            |    dow    | window +  | window +  |          | decrease  |
|      |            |           |  single-  | multicell |          |           |
|      |            |           |   cell    |           |          |           |
+======+============+===========+===========+===========+==========+===========+
|  1   |   29.325   |  29.842   |  29.016   |  29.441   |  28.697  |   1.345   |
+------+------------+-----------+-----------+-----------+----------+-----------+
|  2   |   32.503   |  33.934   |  32.042   |  31.074   |  28.955  |   8.429   |
+------+------------+-----------+-----------+-----------+----------+-----------+
|  3   |   33.604   |  36.838   |  32.875   |  32.486   |  29.070  |  11.815   |
+------+------------+-----------+-----------+-----------+----------+-----------+
|  4   |   33.292   |  36.557   |  32.433   |  32.811   |  28.308  |  10.246   |
+------+------------+-----------+-----------+-----------+----------+-----------+
|  5   |   31.776   |  38.408   |  32.484   |  32.397   |  28.650  |  15.649   |
+------+------------+-----------+-----------+-----------+----------+-----------+
|  6   |   29.308   |  38.696   |  32.415   |  33.757   |  28.284  |  12.762   |
+------+------------+-----------+-----------+-----------+----------+-----------+
|  7   |   28.659   |  37.713   |  32.401   |  33.907   |  27.881  |  10.093   |
+------+------------+-----------+-----------+-----------+----------+-----------+
|  8   |   29.075   |  37.799   |  30.894   |  32.709   |  28.510  |  13.465   |
+------+------------+-----------+-----------+-----------+----------+-----------+
|  9   |   29.423   |  36.925   |  31.440   |  32.563   |  28.157  |  11.814   |
+------+------------+-----------+-----------+-----------+----------+-----------+
|  10  |   29.974   |  39.227   |  32.557   |  32.824   |  29.151  |  16.324   |
+------+------------+-----------+-----------+-----------+----------+-----------+
|  11  |   30.864   |  40.395   |  33.127   |  32.745   |  29.093  |  18.939   |
+------+------------+-----------+-----------+-----------+----------+-----------+
|  12  |   32.093   |  41.727   |  32.791   |  32.619   |  28.753  |  21.828   |
+------+------------+-----------+-----------+-----------+----------+-----------+
|  13  |   31.345   |  40.397   |  32.482   |  33.045   |  28.385  |  18.198   |
+------+------------+-----------+-----------+-----------+----------+-----------+
|  14  |   30.187   |  39.006   |  30.864   |  33.474   |  27.177  |  14.182   |
+------+------------+-----------+-----------+-----------+----------+-----------+
|  15  |   31.173   |  39.603   |  31.837   |  32.518   |  28.458  |  17.891   |
+------+------------+-----------+-----------+-----------+----------+-----------+
|  16  |   32.389   |  40.185   |  31.467   |  31.046   |  29.228  |  22.743   |
+------+------------+-----------+-----------+-----------+----------+-----------+
|  17  |   31.427   |  40.827   |  32.343   |  31.391   |  29.228  |  23.112   |
+------+------------+-----------+-----------+-----------+----------+-----------+
|  18  |   31.632   |  39.322   |  31.869   |  31.086   |  29.093  |  20.945   |
+------+------------+-----------+-----------+-----------+----------+-----------+
|  19  |   33.592   |  41.256   |  33.373   |  32.514   |  29.998  |  21.189   |
+------+------------+-----------+-----------+-----------+----------+-----------+
|  20  |   33.851   |  40.642   |  33.218   |  32.158   |  29.170  |  20.875   |
+------+------------+-----------+-----------+-----------+----------+-----------+
|  21  |   34.231   |  40.998   |  34.018   |  32.516   |  28.948  |  20.689   |
+------+------------+-----------+-----------+-----------+----------+-----------+
|  22  |   37.526   |  41.502   |  34.073   |  31.267   |  30.286  |  24.662   |
+------+------------+-----------+-----------+-----------+----------+-----------+
|  23  |   39.615   |  42.687   |  34.026   |  31.071   |  30.134  |  27.212   |
+------+------------+-----------+-----------+-----------+----------+-----------+
|  24  |   39.909   |  41.554   |  32.304   |  32.299   |  29.238  |  22.273   |
+------+------------+-----------+-----------+-----------+----------+-----------+
|  25  |   38.819   |  41.491   |  32.193   |  32.418   |  29.550  |  21.867   |
+------+------------+-----------+-----------+-----------+----------+-----------+
|  26  |   36.758   |  42.875   |  32.318   |  32.593   |  28.976  |  23.980   |
+------+------------+-----------+-----------+-----------+----------+-----------+
|  27  |   34.258   |  41.624   |  31.701   |  32.286   |  29.922  |  22.435   |
+------+------------+-----------+-----------+-----------+----------+-----------+
|  28  |   34.237   |  41.631   |  31.802   |  32.295   |  29.369  |  22.424   |
+------+------------+-----------+-----------+-----------+----------+-----------+
|  29  |   32.329   |  40.763   |  31.373   |  32.027   |  28.514  |  21.432   |
+------+------------+-----------+-----------+-----------+----------+-----------+
|  30  |   31.272   |  39.753   |  31.305   |  31.647   |  29.300  |  20.391   |
+------+------------+-----------+-----------+-----------+----------+-----------+
|  31  |   31.889   |  40.624   |  30.396   |  32.240   |  28.808  |  20.637   |
+------+------------+-----------+-----------+-----------+----------+-----------+
|  32  |   31.655   |  39.277   |  30.032   |  31.418   |  28.568  |  20.007   |
+------+------------+-----------+-----------+-----------+----------+-----------+
|  33  |   31.930   |  38.176   |  30.827   |  31.600   |  28.571  |  17.225   |
+------+------------+-----------+-----------+-----------+----------+-----------+
|  34  |   31.370   |  39.611   |  30.567   |  29.915   |  28.057  |  24.477   |
+------+------------+-----------+-----------+-----------+----------+-----------+
|  35  |   30.845   |  39.556   |  29.521   |  32.845   |  27.372  |  16.966   |
+------+------------+-----------+-----------+-----------+----------+-----------+
|  36  |   32.075   |  40.317   |  30.019   |  31.293   |  28.394  |  22.383   |
+------+------------+-----------+-----------+-----------+----------+-----------+
